function [ y ] = cellForC(  )
% 用于generate c code，生成C语言可用的数组
    
	y = ...
	[0.000638089232304094 0.00113749927915644 ...
        0.002061834022221 0.00337958711571103 0.00514989906986831 ...
        0.00741121218618356 0.0101737495736841 0.013412325689036 ...
        0.0170631666803178 0.0210233473510598 0.0251537632837594 ...
        0.0292857059356585 0.0332315280935397 0.036797890201564 ...
        0.0397987503841056 0.0420717046137831 0.0434893276251056 ...
        0.0439712986903181 0.0434893276251056 0.0420717046137831 ...
        0.0397987503841056 0.036797890201564 0.0332315280935397 ...
        0.0292857059356585 0.0251537632837594 0.0210233473510598 ...
        0.0170631666803178 0.013412325689036 0.0101737495736841 ...
        0.00741121218618356 0.00514989906986831 0.00337958711571103 ...
        0.002061834022221 0.00113749927915644 0.000638089232304094];
end

